[gd_scene load_steps=8 format=3 uid="uid://rq3g3n4qshr3"]

[ext_resource type="PackedScene" uid="uid://c61dj4vsac881" path="res://Art/blend/levels_chapter1/c1_m1.blend" id="1_wejc2"]
[ext_resource type="PackedScene" uid="uid://c7ycb57houxl1" path="res://Elements/function/player/player.tscn" id="2_cvnjw"]
[ext_resource type="PackedScene" uid="uid://d4nob737a2chy" path="res://Elements/function/objective/objective.tscn" id="3_2mgkk"]
[ext_resource type="PackedScene" uid="uid://cov8v6858hevf" path="res://Elements/environments/chapter1/c1_m2.tscn" id="4_ymukl"]
[ext_resource type="PackedScene" uid="uid://bbb07r3hee2bp" path="res://Elements/assets/passive/props/prop.tscn" id="5_p2srq"]

[sub_resource type="GDScript" id="GDScript_x6txf"]
resource_name = "c1_m1-functionality"
script/source = "extends Node3D

var dialogue_triggered = false

# Called when the node enters the scene tree for the first time.
func _ready():
	for i in get_children():
		if i.is_in_group(\"player\"):
			await get_tree().create_timer(2).timeout
			
			i.Dialogue(\"Go get me the objective item already. It's here somewhere.\")


# Called every frame. 'delta' is the elapsed time since the previous frame.
func _process(delta):
	for i in self.get_children():
		if i.is_in_group(\"player\"):
			if i.object != null and i.object.is_in_group(\"objective\") and !dialogue_triggered:
				dialogue_triggered = true
				
				i.Dialogue(\"Good. Now get that thing back here.\")
"

[sub_resource type="Environment" id="Environment_abqj6"]
background_mode = 1
ambient_light_source = 2
ambient_light_color = Color(0.385493, 0.385492, 0.385492, 1)
glow_bloom = 1.0
fog_light_color = Color(0, 0, 0, 1)
fog_density = 0.07
volumetric_fog_density = 0.1228
volumetric_fog_albedo = Color(0, 0, 0, 1)
volumetric_fog_emission_energy = 0.0

[node name="BasicLevel" type="Node3D"]
script = SubResource("GDScript_x6txf")

[node name="basic" parent="." instance=ExtResource("1_wejc2")]

[node name="DirectionalLight3D" type="DirectionalLight3D" parent="."]
transform = Transform3D(0.866025, 0.482963, 0.12941, 0, -0.258819, 0.965926, 0.5, -0.836516, -0.224144, -19, 7.73072, 32)
light_color = Color(0.533333, 0.533333, 0.533333, 1)
shadow_enabled = true
sky_mode = 1

[node name="WorldEnvironment" type="WorldEnvironment" parent="."]
environment = SubResource("Environment_abqj6")

[node name="Player" parent="." instance=ExtResource("2_cvnjw")]
transform = Transform3D(1, 0, 0, 0, 1, 0, 0, 0, 1, 0, 1, 0)
tutorial_mode = true

[node name="Objective" parent="." instance=ExtResource("3_2mgkk")]
transform = Transform3D(1, 0, 0, 0, 1, 0, 0, 0, 1, 0, 5, 0)
nextscene = ExtResource("4_ymukl")

[node name="ObjectiveItem" parent="Objective" index="1"]
transform = Transform3D(1, 0, 0, 0, 1, 0, 0, 0, 1, 44.5375, 0, -44)

[node name="Props" type="Node" parent="."]

[node name="Prop" parent="Props" instance=ExtResource("5_p2srq")]
transform = Transform3D(0.965926, 0, 0.258819, 0, 1, 0, -0.258819, 0, 0.965926, 34.6284, 1, -26.2045)

[node name="Prop2" parent="Props" instance=ExtResource("5_p2srq")]
transform = Transform3D(0.982245, 0, -0.187604, 0, 1, 0, 0.187604, 0, 0.982245, 31.6534, 1, -35.9102)

[node name="Prop3" parent="Props" instance=ExtResource("5_p2srq")]
transform = Transform3D(0.971076, 0, 0.238771, 0, 1, 0, -0.238771, 0, 0.971076, 31.5761, 1, -38.8329)

[node name="Prop4" parent="Props" instance=ExtResource("5_p2srq")]
transform = Transform3D(0.929023, 0, 0.370022, 0, 1, 0, -0.370022, 0, 0.929023, 46.4489, 1, -31.6534)

[node name="Prop5" parent="Props" instance=ExtResource("5_p2srq")]
transform = Transform3D(0.994213, 0, -0.107427, 0, 1, 0, 0.107427, 0, 0.994213, 31.5113, 1, -48.3341)

[node name="Prop20" parent="Props" instance=ExtResource("5_p2srq")]
transform = Transform3D(0.839032, 0, -0.544083, 0, 1, 0, 0.544083, 0, 0.839032, 31.5113, 3, -47.4391)

[node name="Prop6" parent="Props" instance=ExtResource("5_p2srq")]
transform = Transform3D(0.987225, 0, 0.15933, 0, 1, 0, -0.15933, 0, 0.987225, 31.5636, 1, -45.6159)

[node name="Prop7" parent="Props" instance=ExtResource("5_p2srq")]
transform = Transform3D(0.873135, 0, -0.487479, 0, 1, 0, 0.487479, 0, 0.873135, 48.6284, 1, -34.6534)

[node name="Prop8" parent="Props" instance=ExtResource("5_p2srq")]
transform = Transform3D(0.9843, 0, -0.176501, 0, 1, 0, 0.176501, 0, 0.9843, 48.8217, 1, -32.3565)

[node name="Prop19" parent="Props" instance=ExtResource("5_p2srq")]
transform = Transform3D(0.792407, 0, 0.609993, 0, 1, 0, -0.609993, 0, 0.792407, 48.8217, 3, -32.3565)

[node name="Prop9" parent="Props" instance=ExtResource("5_p2srq")]
transform = Transform3D(1, 0, 0, 0, 1, 0, 0, 0, 1, 48, 1, -48)

[node name="Prop10" parent="Props" instance=ExtResource("5_p2srq")]
transform = Transform3D(0.851873, 0, -0.523748, 0, 1, 0, 0.523748, 0, 0.851873, 40, 1, -38)

[node name="Prop11" parent="Props" instance=ExtResource("5_p2srq")]
transform = Transform3D(0.61956, 0, -0.784949, 0, 1, 0, 0.784949, 0, 0.61956, 38.4526, 1, 3.07489)

[node name="Prop12" parent="Props" instance=ExtResource("5_p2srq")]
transform = Transform3D(0.986629, 0, 0.162982, 0, 1, 0, -0.162982, 0, 0.986629, 31.3211, 1, -6.26455)

[node name="Prop13" parent="Props" instance=ExtResource("5_p2srq")]
transform = Transform3D(0.984607, 0, -0.174782, 0, 1, 0, 0.174782, 0, 0.984607, 31.4343, 1, -8.92511)

[node name="Prop14" parent="Props" instance=ExtResource("5_p2srq")]
transform = Transform3D(0.979017, 0, 0.203778, 0, 1, 0, -0.203778, 0, 0.979017, 18.5092, 1, 3.33944)

[node name="Prop15" parent="Props" instance=ExtResource("5_p2srq")]
transform = Transform3D(0.990517, 0, -0.137393, 0, 1, 0, 0.137393, 0, 0.990517, 20, 1, 0)

[node name="Prop16" parent="Props" instance=ExtResource("5_p2srq")]
transform = Transform3D(0.754458, 0, 0.656349, 0, 1, 0, -0.656349, 0, 0.754458, 18, 1, -3)

[node name="Prop17" parent="Props" instance=ExtResource("5_p2srq")]
transform = Transform3D(0.832148, 0, 0.554554, 0, 1, 0, -0.554554, 0, 0.832148, 21.6808, 1, -2.55113)

[node name="Prop18" parent="Props" instance=ExtResource("5_p2srq")]
transform = Transform3D(0.114556, 0, 0.993417, 0, 1, 0, -0.993417, 0, 0.114556, 19.7586, 3, -1.55113)

[editable path="Objective"]
